128523512852351285235128523512852351285235
1285235,1285235,1285235,1285235,1285235,1285235,
[1285235,[1285235,[1285235,[1285235,[1285235,[1285235,] 
[1285235,1285235,1285235,1285235,1285235,1285235,] 
[1285235, 1285235, 1285235, 1285235, 1285235, 1285235, 0] 
[1285235, 98765, 1285235, 98765, 1285235, 98765, 1285235, 98765, 1285235, 98765, 1285235, 98765, 0] 
[1285235, 0] 
[1285235, 98765, 1285235, 98765, 1285235, 0] 
[1285235, 98765, 1285235, 98765, 1285235, 0] 
[1285235, 98765, 1285235, 98765, 1285235, 98765, 1285235, 98765, 1285235, 98765, 1285235, 98765, 0] 
[0] 
